int [][] imagen1 = {
					{-1,-1,-1,-1,-1,-1,-1,-1,-1,-1},
					{-1,-1, 1,1,1,1,1,-1,-1,-1},
					{-1,-1,-1,-1,1,-1,-1,-1,-1,-1},
					{-1,-1,-1,-1,1,-1,-1,-1,-1,-1},
					{-1,-1,-1,-1,1,-1,-1,-1,-1,-1},
					{-1,-1,-1,-1,1,-1,-1,-1,-1,-1},
					{-1,-1,-1,-1,1,-1,-1,-1,-1,-1},
					{-1,-1, 1, 1,1,-1,-1,-1,-1,-1},
					{-1,-1,-1,-1,-1,-1,-1,-1,-1,-1},
					{-1,-1,-1,-1,-1,-1,-1,-1,-1,-1},
					};

int [][] imagen2 = {
					{-1,-1,-1,-1,-1,-1,-1,-1,-1,-1},
					{-1,-1,-1,-1,-1,-1,-1,-1,-1,-1},
					{-1,-1,-1, 1, 1, 1, 1,-1,-1,-1},
					{-1,-1, 1,-1,-1,-1,-1,-1,-1,-1},
					{-1,-1, 1,-1,-1,-1,-1,-1,-1,-1},
					{-1,-1, 1,-1,-1,-1,-1,-1,-1,-1},
					{-1,-1, 1,-1,-1,-1,-1,-1,-1,-1},
					{-1,-1, 1, 1, 1, 1, 1,-1,-1,-1},
					{-1,-1,-1,-1,-1,-1,-1,-1,-1,-1},
					{-1,-1,-1,-1,-1,-1,-1,-1,-1,-1},
					};
					
int [][] imagen3 = {
					{-1,-1,-1,-1,-1,-1,-1,-1,-1,-1},
					{-1,-1, 1, 1, 1, 1, 1,-1,-1,-1},
					{-1,-1,-1,-1,-1,-1, 1,-1,-1,-1},
					{-1,-1,-1,-1,-1,-1, 1,-1,-1,-1},
					{-1,-1, 1, 1, 1, 1, 1,-1,-1,-1},
					{-1,-1, 1,-1,-1,-1,-1,-1,-1,-1},
					{-1,-1, 1,-1,-1,-1,-1,-1,-1,-1},
					{-1,-1, 1, 1, 1, 1, 1,-1,-1,-1},
					{-1,-1,-1,-1,-1,-1,-1,-1,-1,-1},
					{-1,-1,-1,-1,-1,-1,-1,-1,-1,-1},
					};
